=========LOCAL COORDINATES============
Parallel lines: 
  [[729.0, 506.0], [8.0, 54.0]]
  [[863.0, 463.0], [433.0, 6.999999999999979]]

Perpendicular lines: 
  [[125.0, 454.00000000000006], [145.0, 322.0]]
  [[868.0, 479.0], [865.0, 417.0]]

Walls: 
  [1.0, 505.0]
  [2.0, 246.0]
  [580.0, 506.0]

  [892.0, 118.0]
  [851.0, 5.000000000000021]
  [893.0, 5.000000000000021]

Ground:
  [584.0, 506.0]
  [2.0, 239.0]
  [2.0, 6.999999999999979]
  [840.0, 3.9999999999999734]
  [891.0, 131.0]
  [892.0, 504.0]

Sky:
  None